time_s,conductivity,motor1_proportion,motor1_speed,motor2_speed
0.0120,2384.000000,0.005333,16.0000,0.0000
0.0545,2384.000000,0.011333,34.0000,0.0000
0.1046,2474.000000,0.017667,53.0000,0.0000
0.1545,1872.000000,0.024000,72.0000,0.0000
0.2044,2718.000000,0.030000,90.0000,0.0000
0.2546,4828.000000,0.036333,109.0000,0.0000
0.3042,5016.000000,0.042667,128.0000,0.0000
0.3551,5016.000000,0.048667,146.0000,0.0000
0.4043,5016.000000,0.055000,165.0000,0.0000
0.4543,5016.000000,0.061000,183.0000,0.0000
0.5044,5016.000000,0.067333,202.0000,0.0000
0.5545,5016.000000,0.073333,220.0000,0.0000
0.6040,5016.000000,0.079667,239.0000,0.0000
0.6546,5016.000000,0.086000,258.0000,0.0000
0.7048,5016.000000,0.092000,276.0000,0.0000
0.7546,5016.000000,0.098333,295.0000,0.0000
0.8042,5016.000000,0.104333,313.0000,0.0000
0.8539,5016.000000,0.110667,332.0000,0.0000
0.9045,5016.000000,0.116667,350.0000,0.0000
0.9541,5016.000000,0.123000,369.0000,0.0000
1.0050,5016.000000,0.129000,387.0000,0.0000
1.0543,5016.000000,0.135333,406.0000,0.0000
1.1039,5016.000000,0.141333,424.0000,0.0000
1.1551,5016.000000,0.147667,443.0000,0.0000
1.2047,5016.000000,0.154000,462.0000,0.0000
1.2545,5016.000000,0.160000,480.0000,0.0000
1.3041,5016.000000,0.166333,499.0000,0.0000
1.3546,5016.000000,0.172667,518.0000,0.0000
1.4047,5016.000000,0.178667,536.0000,0.0000
1.4544,5016.000000,0.184667,554.0000,0.0000
1.5047,5016.000000,0.191000,573.0000,0.0000
1.5542,5016.000000,0.197000,591.0000,0.0000
1.6045,5016.000000,0.203333,610.0000,0.0000
1.6551,5016.000000,0.209333,628.0000,0.0000
1.7046,5016.000000,0.215667,647.0000,0.0000
1.7551,5016.000000,0.222000,666.0000,0.0000
1.8043,5016.000000,0.228000,684.0000,0.0000
1.8547,5016.000000,0.234333,703.0000,0.0000
1.9044,5016.000000,0.240667,722.0000,0.0000
1.9550,5016.000000,0.246667,740.0000,0.0000
2.0052,5016.000000,0.253000,759.0000,0.0000
2.0549,5016.000000,0.259000,777.0000,0.0000
2.1046,5016.000000,0.265333,796.0000,0.0000
2.1545,5016.000000,0.271667,815.0000,0.0000
2.2042,5016.000000,0.284000,852.0000,0.0000
2.2552,5016.000000,0.290000,870.0000,0.0000
2.3049,5016.000000,0.296333,889.0000,0.0000
2.3551,5016.000000,0.308667,926.0000,0.0000
2.4050,4944.000000,0.321000,963.0000,0.0000
2.4550,4960.000000,0.346000,1038.0000,0.0000
2.5047,4970.000000,0.352000,1056.0000,0.0000
2.5538,4960.000000,0.358333,1075.0000,0.0000
2.6049,4952.000000,0.364333,1093.0000,0.0000
2.6542,4944.000000,0.370667,1112.0000,0.0000
2.7042,4990.000000,0.377000,1131.0000,0.0000
2.7540,4990.000000,0.383000,1149.0000,0.0000
2.8043,4960.000000,0.389333,1168.0000,0.0000
2.8546,4802.000000,0.395333,1186.0000,0.0000
2.9048,4544.000000,0.401667,1205.0000,0.0000
2.9543,4190.000000,0.408000,1224.0000,0.0000
3.0046,4132.000000,0.414000,1242.0000,0.0000
3.0544,4132.000000,0.420333,1261.0000,0.0000
3.1043,4128.000000,0.426333,1279.0000,0.0000
3.1545,4132.000000,0.432667,1298.0000,0.0000
3.2044,4128.000000,0.438667,1316.0000,0.0000
3.2549,4148.000000,0.445000,1335.0000,0.0000
3.3041,4112.000000,0.451000,1353.0000,0.0000
3.3543,4112.000000,0.457333,1372.0000,0.0000
3.4043,4118.000000,0.463333,1390.0000,0.0000
3.4545,4248.000000,0.469667,1409.0000,0.0000
3.5049,3884.000000,0.475667,1427.0000,0.0000
3.5547,3606.000000,0.482000,1446.0000,0.0000
3.6045,3774.000000,0.488000,1464.0000,0.0000
3.6543,3774.000000,0.494333,1483.0000,0.0000
3.7046,3866.000000,0.500333,1501.0000,0.0000
3.7545,3872.000000,0.506667,1520.0000,0.0000
3.8048,3918.000000,0.513000,1539.0000,0.0000
3.8538,4050.000000,0.519000,1557.0000,0.0000
3.9044,3918.000000,0.525333,1576.0000,0.0000
3.9543,3918.000000,0.531333,1594.0000,0.0000
4.0050,3768.000000,0.537667,1613.0000,0.0000
4.0546,3606.000000,0.544000,1632.0000,0.0000
4.1043,3682.000000,0.550000,1650.0000,0.0000
4.1551,3774.000000,0.556333,1669.0000,0.0000
4.2048,3762.000000,0.562667,1688.0000,0.0000
4.2543,3762.000000,0.568667,1706.0000,0.0000
4.3048,3742.000000,0.575000,1725.0000,0.0000
4.3541,3454.000000,0.581000,1743.0000,0.0000
4.4045,2844.000000,0.587333,1762.0000,0.0000
4.4544,2446.000000,0.593667,1781.0000,0.0000
4.5042,2256.000000,0.599667,1799.0000,0.0000
4.5547,2256.000000,0.606000,1818.0000,0.0000
4.6043,2124.000000,0.612000,1836.0000,0.0000
4.6547,2076.000000,0.618333,1855.0000,0.0000
4.7049,2140.000000,0.624667,1874.0000,0.0000
4.7577,2120.000000,0.630667,1892.0000,0.0000
4.8046,2068.000000,0.637000,1911.0000,0.0000
4.8544,2068.000000,0.643000,1929.0000,0.0000
4.9048,2020.000000,0.649333,1948.0000,0.0000
4.9550,1996.000000,0.655667,1967.0000,0.0000
5.0050,1952.000000,0.661667,1985.0000,0.0000
5.0545,1644.000000,0.668000,2004.0000,0.0000
5.1048,1416.000000,0.674000,2022.0000,0.0000
5.1550,1416.000000,0.680333,2041.0000,0.0000
5.2048,1316.000000,0.686667,2060.0000,0.0000
5.2549,1302.000000,0.692667,2078.0000,0.0000
5.3045,1338.000000,0.698667,2096.0000,0.0000
5.3552,1324.000000,0.705000,2115.0000,0.0000
5.4043,1240.000000,0.711000,2133.0000,0.0000
5.4544,1240.000000,0.717333,2152.0000,0.0000
5.5043,1216.000000,0.723333,2170.0000,0.0000
5.5547,1208.000000,0.729667,2189.0000,0.0000
5.6041,1044.000000,0.736000,2208.0000,0.0000
5.6549,934.000000,0.742000,2226.0000,0.0000
5.7047,952.000000,0.754667,2264.0000,0.0000
5.7544,1118.000000,0.767000,2301.0000,0.0000
5.8049,1184.000000,0.779333,2338.0000,0.0000
5.8546,1220.000000,0.791667,2375.0000,0.0000
5.9041,1400.000000,0.822667,2468.0000,0.0000
5.9548,1400.000000,0.829000,2487.0000,0.0000
6.0042,1446.000000,0.835000,2505.0000,0.0000
6.0548,1442.000000,0.841333,2524.0000,0.0000
6.1048,1460.000000,0.847333,2542.0000,0.0000
6.1547,1476.000000,0.853667,2561.0000,0.0000
6.2041,1546.000000,0.859667,2579.0000,0.0000
6.2549,1546.000000,0.866000,2598.0000,0.0000
6.3041,1628.000000,0.872000,2616.0000,0.0000
6.3550,1644.000000,0.878333,2635.0000,0.0000
6.4046,1658.000000,0.884667,2654.0000,0.0000
6.4546,1718.000000,0.890667,2672.0000,0.0000
6.5047,1766.000000,0.897000,2691.0000,0.0000
6.5550,1766.000000,0.903000,2709.0000,0.0000
6.6045,1770.000000,0.909333,2728.0000,0.0000
6.6546,1820.000000,0.915333,2746.0000,0.0000
6.7048,1926.000000,0.921667,2765.0000,0.0000
6.7545,2020.000000,0.928000,2784.0000,0.0000
6.8043,2054.000000,0.934000,2802.0000,0.0000
6.8550,2054.000000,0.940333,2821.0000,0.0000
6.9047,2184.000000,0.946667,2840.0000,0.0000
6.9549,2248.000000,0.952667,2858.0000,0.0000
7.0050,2258.000000,0.959000,2877.0000,0.0000
7.0547,2314.000000,0.965000,2895.0000,0.0000
7.1041,2370.000000,0.971333,2914.0000,0.0000
7.1550,2370.000000,0.977333,2932.0000,0.0000
7.2047,2446.000000,0.983667,2951.0000,0.0000
7.2544,2460.000000,0.990000,2970.0000,0.0000
7.3044,2474.000000,0.996000,2988.0000,0.0000
7.3543,2570.000000,0.000000,0.0000,0.0000
7.4045,2502.000000,0.000000,0.0000,0.0000
7.4545,2502.000000,0.000000,0.0000,0.0000
7.5049,2476.000000,0.000000,0.0000,0.0000
7.5546,2468.000000,0.000000,0.0000,0.0000
7.6041,2476.000000,0.000000,0.0000,0.0000
7.6546,2474.000000,0.000000,0.0000,0.0000
7.7041,2486.000000,0.000000,0.0000,0.0000
7.7543,2486.000000,0.000000,0.0000,0.0000
7.8047,2468.000000,0.000000,0.0000,0.0000
7.8550,2480.000000,0.000000,0.0000,0.0000
7.9045,2490.000000,0.000000,0.0000,0.0000
7.9543,2490.000000,0.000000,0.0000,0.0000
8.0043,2476.000000,0.000000,0.0000,0.0000
8.0546,2476.000000,0.000000,0.0000,0.0000
8.1047,2474.000000,0.000000,0.0000,0.0000
8.1547,2474.000000,0.000000,0.0000,0.0000
8.2041,2474.000000,0.000000,0.0000,0.0000
8.2543,2466.000000,0.000000,0.0000,0.0000
8.3051,2490.000000,0.000000,0.0000,0.0000
8.3543,2490.000000,0.000000,0.0000,0.0000
8.4046,2474.000000,0.000000,0.0000,0.0000
8.4542,2468.000000,0.000000,0.0000,0.0000
8.5044,2466.000000,0.000000,0.0000,0.0000
8.5549,2474.000000,0.000000,0.0000,0.0000
8.6041,2474.000000,0.000000,0.0000,0.0000
8.6550,2474.000000,0.000000,0.0000,0.0000
8.7050,2476.000000,0.000000,0.0000,0.0000
8.7551,2474.000000,0.000000,0.0000,0.0000
8.8047,2486.000000,0.000000,0.0000,0.0000
8.8549,2474.000000,0.000000,0.0000,0.0000
8.9049,2474.000000,0.000000,0.0000,0.0000
8.9547,2474.000000,0.000000,0.0000,0.0000
9.0050,2476.000000,0.000000,0.0000,0.0000
9.0542,2466.000000,0.000000,0.0000,0.0000
9.1047,24.000000,0.000000,0.0000,0.0000
9.1547,2474.000000,0.000000,0.0000,0.0000
