time_s,conductivity,motor1_proportion,motor1_speed,motor2_speed
0.0322,2384.000000,0.005333,16.0000,0.0000
0.0822,2384.000000,0.011333,34.0000,0.0000
0.1327,2474.000000,0.017667,53.0000,0.0000
0.1824,1872.000000,0.024000,72.0000,0.0000
0.2324,2718.000000,0.030000,90.0000,0.0000
0.2832,4828.000000,0.036333,109.0000,0.0000
0.3327,5016.000000,0.042667,128.0000,0.0000
0.3827,5016.000000,0.048667,146.0000,0.0000
0.4331,5016.000000,0.055000,165.0000,0.0000
0.4825,5016.000000,0.061000,183.0000,0.0000
0.5329,5016.000000,0.067333,202.0000,0.0000
0.5830,5016.000000,0.073333,220.0000,0.0000
0.6331,5016.000000,0.079667,239.0000,0.0000
0.6821,5016.000000,0.086000,258.0000,0.0000
0.7327,5016.000000,0.092000,276.0000,0.0000
0.7829,5016.000000,0.098333,295.0000,0.0000
0.8329,5016.000000,0.104333,313.0000,0.0000
0.8828,5016.000000,0.110667,332.0000,0.0000
0.9327,5016.000000,0.116667,350.0000,0.0000
0.9831,5016.000000,0.123000,369.0000,0.0000
1.0325,5016.000000,0.129000,387.0000,0.0000
1.0820,5016.000000,0.135333,406.0000,0.0000
1.1323,5016.000000,0.141333,424.0000,0.0000
1.1825,5016.000000,0.147667,443.0000,0.0000
1.2330,5016.000000,0.154000,462.0000,0.0000
1.2829,5016.000000,0.160000,480.0000,0.0000
1.3323,5016.000000,0.166333,499.0000,0.0000
1.3824,5016.000000,0.172667,518.0000,0.0000
1.4331,5016.000000,0.178667,536.0000,0.0000
1.4826,5016.000000,0.184667,554.0000,0.0000
1.5324,5016.000000,0.191000,573.0000,0.0000
1.5826,5016.000000,0.197000,591.0000,0.0000
1.6332,5016.000000,0.203333,610.0000,0.0000
1.6829,5016.000000,0.209333,628.0000,0.0000
1.7322,5016.000000,0.215667,647.0000,0.0000
1.7831,5016.000000,0.222000,666.0000,0.0000
1.8333,5016.000000,0.228000,684.0000,0.0000
1.8828,5016.000000,0.234333,703.0000,0.0000
1.9327,5016.000000,0.240667,722.0000,0.0000
1.9825,5016.000000,0.246667,740.0000,0.0000
2.0330,5016.000000,0.253000,759.0000,0.0000
2.0830,5016.000000,0.259000,777.0000,0.0000
2.1328,5016.000000,0.265333,796.0000,0.0000
2.1823,5016.000000,0.271667,815.0000,0.0000
2.2322,5016.000000,0.284000,852.0000,0.0000
2.2827,5016.000000,0.290000,870.0000,0.0000
2.3332,5016.000000,0.296333,889.0000,0.0000
2.3825,5016.000000,0.308667,926.0000,0.0000
2.4324,4944.000000,0.321000,963.0000,0.0000
2.4827,4960.000000,0.346000,1038.0000,0.0000
2.5332,4970.000000,0.352000,1056.0000,0.0000
2.5824,4960.000000,0.358333,1075.0000,0.0000
2.6325,4952.000000,0.364333,1093.0000,0.0000
2.6827,4944.000000,0.370667,1112.0000,0.0000
2.7320,4990.000000,0.377000,1131.0000,0.0000
2.7827,4990.000000,0.383000,1149.0000,0.0000
2.8325,4960.000000,0.389333,1168.0000,0.0000
2.8830,4802.000000,0.395333,1186.0000,0.0000
2.9335,4544.000000,0.401667,1205.0000,0.0000
2.9831,4190.000000,0.408000,1224.0000,0.0000
3.0328,4132.000000,0.414000,1242.0000,0.0000
3.0831,4132.000000,0.420333,1261.0000,0.0000
3.1322,4128.000000,0.426333,1279.0000,0.0000
3.1825,4132.000000,0.432667,1298.0000,0.0000
3.2324,4128.000000,0.438667,1316.0000,0.0000
3.2828,4148.000000,0.445000,1335.0000,0.0000
3.3328,4112.000000,0.451000,1353.0000,0.0000
3.3825,4112.000000,0.457333,1372.0000,0.0000
3.4329,4118.000000,0.463333,1390.0000,0.0000
3.4828,4248.000000,0.469667,1409.0000,0.0000
3.5328,3884.000000,0.475667,1427.0000,0.0000
3.5822,3606.000000,0.482000,1446.0000,0.0000
3.6330,3774.000000,0.488000,1464.0000,0.0000
3.6828,3774.000000,0.494333,1483.0000,0.0000
3.7330,3866.000000,0.500333,1501.0000,0.0000
3.7823,3872.000000,0.506667,1520.0000,0.0000
3.8325,3918.000000,0.513000,1539.0000,0.0000
3.8827,4050.000000,0.519000,1557.0000,0.0000
3.9347,3918.000000,0.525333,1576.0000,0.0000
3.9827,3918.000000,0.531333,1594.0000,0.0000
4.0329,3768.000000,0.537667,1613.0000,0.0000
4.0829,3606.000000,0.544000,1632.0000,0.0000
4.1327,3682.000000,0.550000,1650.0000,0.0000
4.1831,3774.000000,0.556333,1669.0000,0.0000
4.2321,3762.000000,0.562667,1688.0000,0.0000
4.2825,3762.000000,0.568667,1706.0000,0.0000
4.3327,3742.000000,0.575000,1725.0000,0.0000
4.3824,3454.000000,0.581000,1743.0000,0.0000
4.4339,2844.000000,0.587333,1762.0000,0.0000
4.4831,2446.000000,0.593667,1781.0000,0.0000
4.5326,2256.000000,0.599667,1799.0000,0.0000
4.5826,2256.000000,0.606000,1818.0000,0.0000
4.6324,2124.000000,0.612000,1836.0000,0.0000
4.6823,2076.000000,0.618333,1855.0000,0.0000
4.7329,2140.000000,0.624667,1874.0000,0.0000
4.7823,2120.000000,0.630667,1892.0000,0.0000
4.8331,2068.000000,0.637000,1911.0000,0.0000
4.8827,2068.000000,0.643000,1929.0000,0.0000
4.9322,2020.000000,0.649333,1948.0000,0.0000
4.9829,1996.000000,0.655667,1967.0000,0.0000
5.0325,1952.000000,0.661667,1985.0000,0.0000
5.0827,1644.000000,0.668000,2004.0000,0.0000
5.1329,1416.000000,0.674000,2022.0000,0.0000
5.1823,1416.000000,0.680333,2041.0000,0.0000
5.2322,1316.000000,0.686667,2060.0000,0.0000
5.2825,1302.000000,0.692667,2078.0000,0.0000
5.3321,1338.000000,0.698667,2096.0000,0.0000
5.3830,1324.000000,0.705000,2115.0000,0.0000
5.4327,1240.000000,0.711000,2133.0000,0.0000
5.4827,1240.000000,0.717333,2152.0000,0.0000
5.5329,1216.000000,0.723333,2170.0000,0.0000
5.5826,1208.000000,0.729667,2189.0000,0.0000
5.6329,1044.000000,0.736000,2208.0000,0.0000
5.6826,934.000000,0.742000,2226.0000,0.0000
5.7325,952.000000,0.754667,2264.0000,0.0000
5.7826,1118.000000,0.767000,2301.0000,0.0000
5.8325,1184.000000,0.779333,2338.0000,0.0000
5.8829,1220.000000,0.791667,2375.0000,0.0000
5.9325,1400.000000,0.822667,2468.0000,0.0000
5.9823,1400.000000,0.829000,2487.0000,0.0000
6.0330,1446.000000,0.835000,2505.0000,0.0000
6.0828,1442.000000,0.841333,2524.0000,0.0000
6.1339,1460.000000,0.847333,2542.0000,0.0000
6.1827,1476.000000,0.853667,2561.0000,0.0000
6.2327,1546.000000,0.859667,2579.0000,0.0000
6.2826,1546.000000,0.866000,2598.0000,0.0000
6.3327,1628.000000,0.872000,2616.0000,0.0000
6.3829,1644.000000,0.878333,2635.0000,0.0000
6.4336,1658.000000,0.884667,2654.0000,0.0000
6.4828,1718.000000,0.890667,2672.0000,0.0000
6.5325,1766.000000,0.897000,2691.0000,0.0000
6.5822,1766.000000,0.903000,2709.0000,0.0000
6.6323,1770.000000,0.909333,2728.0000,0.0000
6.6823,1820.000000,0.915333,2746.0000,0.0000
6.7326,1926.000000,0.921667,2765.0000,0.0000
6.7826,2020.000000,0.928000,2784.0000,0.0000
6.8324,2054.000000,0.934000,2802.0000,0.0000
6.8828,2054.000000,0.940333,2821.0000,0.0000
6.9324,2184.000000,0.946667,2840.0000,0.0000
6.9825,2248.000000,0.952667,2858.0000,0.0000
7.0326,2258.000000,0.959000,2877.0000,0.0000
7.0829,2314.000000,0.965000,2895.0000,0.0000
7.1326,2370.000000,0.971333,2914.0000,0.0000
7.1826,2370.000000,0.977333,2932.0000,0.0000
7.2329,2446.000000,0.983667,2951.0000,0.0000
7.2825,2460.000000,0.990000,2970.0000,0.0000
7.3327,2474.000000,0.996000,2988.0000,0.0000
7.3822,2570.000000,0.000000,0.0000,0.0000
7.4323,2502.000000,0.000000,0.0000,0.0000
7.4821,2502.000000,0.000000,0.0000,0.0000
7.5326,2476.000000,0.000000,0.0000,0.0000
7.5827,2468.000000,0.000000,0.0000,0.0000
7.6326,2476.000000,0.000000,0.0000,0.0000
7.6825,2474.000000,0.000000,0.0000,0.0000
7.7322,2486.000000,0.000000,0.0000,0.0000
7.7824,2486.000000,0.000000,0.0000,0.0000
7.8331,2468.000000,0.000000,0.0000,0.0000
7.8828,2480.000000,0.000000,0.0000,0.0000
7.9329,2490.000000,0.000000,0.0000,0.0000
7.9829,2490.000000,0.000000,0.0000,0.0000
8.0328,2476.000000,0.000000,0.0000,0.0000
8.0821,2476.000000,0.000000,0.0000,0.0000
8.1322,2474.000000,0.000000,0.0000,0.0000
8.1827,2474.000000,0.000000,0.0000,0.0000
8.2325,2474.000000,0.000000,0.0000,0.0000
8.2831,2466.000000,0.000000,0.0000,0.0000
8.3329,2490.000000,0.000000,0.0000,0.0000
8.3830,2490.000000,0.000000,0.0000,0.0000
8.4328,2474.000000,0.000000,0.0000,0.0000
8.4821,2468.000000,0.000000,0.0000,0.0000
8.5327,2466.000000,0.000000,0.0000,0.0000
8.5823,2474.000000,0.000000,0.0000,0.0000
8.6326,2474.000000,0.000000,0.0000,0.0000
8.6824,2474.000000,0.000000,0.0000,0.0000
8.7329,2476.000000,0.000000,0.0000,0.0000
8.7830,2474.000000,0.000000,0.0000,0.0000
8.8326,2486.000000,0.000000,0.0000,0.0000
8.8826,2474.000000,0.000000,0.0000,0.0000
8.9324,2474.000000,0.000000,0.0000,0.0000
8.9824,2474.000000,0.000000,0.0000,0.0000
9.0324,2476.000000,0.000000,0.0000,0.0000
9.0826,2466.000000,0.000000,0.0000,0.0000
9.1331,24.000000,0.000000,0.0000,0.0000
9.1825,2474.000000,0.000000,0.0000,0.0000
