time_s,conductivity,motor1_proportion,motor1_speed,motor2_speed
0.0238,2384.000000,0.005333,16.0000,0.0000
0.0656,2384.000000,0.011333,34.0000,0.0000
0.1161,2474.000000,0.017667,53.0000,0.0000
0.1655,1872.000000,0.024000,72.0000,0.0000
0.2156,2718.000000,0.030000,90.0000,0.0000
0.2656,4828.000000,0.036333,109.0000,0.0000
0.3153,5016.000000,0.042667,128.0000,0.0000
0.3670,5016.000000,0.048667,146.0000,0.0000
0.4154,5016.000000,0.055000,165.0000,0.0000
0.4660,5016.000000,0.061000,183.0000,0.0000
0.5155,5016.000000,0.067333,202.0000,0.0000
0.5663,5016.000000,0.073333,220.0000,0.0000
0.6161,5016.000000,0.079667,239.0000,0.0000
0.6658,5016.000000,0.086000,258.0000,0.0000
0.7153,5016.000000,0.092000,276.0000,0.0000
0.7655,5016.000000,0.098333,295.0000,0.0000
0.8156,5016.000000,0.104333,313.0000,0.0000
0.8655,5016.000000,0.110667,332.0000,0.0000
0.9158,5016.000000,0.116667,350.0000,0.0000
0.9652,5016.000000,0.123000,369.0000,0.0000
1.0150,5016.000000,0.129000,387.0000,0.0000
1.0651,5016.000000,0.135333,406.0000,0.0000
1.1150,5016.000000,0.141333,424.0000,0.0000
1.1650,5016.000000,0.147667,443.0000,0.0000
1.2154,5016.000000,0.154000,462.0000,0.0000
1.2656,5016.000000,0.160000,480.0000,0.0000
1.3154,5016.000000,0.166333,499.0000,0.0000
1.3656,5016.000000,0.172667,518.0000,0.0000
1.4153,5016.000000,0.178667,536.0000,0.0000
1.4658,5016.000000,0.184667,554.0000,0.0000
1.5158,5016.000000,0.191000,573.0000,0.0000
1.5659,5016.000000,0.197000,591.0000,0.0000
1.6157,5016.000000,0.203333,610.0000,0.0000
1.6659,5016.000000,0.209333,628.0000,0.0000
1.7158,5016.000000,0.215667,647.0000,0.0000
1.7657,5016.000000,0.222000,666.0000,0.0000
1.8155,5016.000000,0.228000,684.0000,0.0000
1.8657,5016.000000,0.234333,703.0000,0.0000
1.9157,5016.000000,0.240667,722.0000,0.0000
1.9657,5016.000000,0.246667,740.0000,0.0000
2.0152,5016.000000,0.253000,759.0000,0.0000
2.0656,5016.000000,0.259000,777.0000,0.0000
2.1158,5016.000000,0.265333,796.0000,0.0000
2.1653,5016.000000,0.271667,815.0000,0.0000
2.2160,5016.000000,0.284000,852.0000,0.0000
2.2652,5016.000000,0.290000,870.0000,0.0000
2.3162,5016.000000,0.296333,889.0000,0.0000
2.3657,5016.000000,0.308667,926.0000,0.0000
2.4206,4944.000000,0.321000,963.0000,0.0000
2.4658,4960.000000,0.346000,1038.0000,0.0000
2.5204,4970.000000,0.352000,1056.0000,0.0000
2.5658,4960.000000,0.358333,1075.0000,0.0000
2.6153,4952.000000,0.364333,1093.0000,0.0000
2.6656,4944.000000,0.370667,1112.0000,0.0000
2.7151,4990.000000,0.377000,1131.0000,0.0000
2.7659,4990.000000,0.383000,1149.0000,0.0000
2.8156,4960.000000,0.389333,1168.0000,0.0000
2.8654,4802.000000,0.395333,1186.0000,0.0000
2.9205,4544.000000,0.401667,1205.0000,0.0000
2.9656,4190.000000,0.408000,1224.0000,0.0000
3.0158,4132.000000,0.414000,1242.0000,0.0000
3.0672,4132.000000,0.420333,1261.0000,0.0000
3.1149,4128.000000,0.426333,1279.0000,0.0000
3.1653,4132.000000,0.432667,1298.0000,0.0000
3.2154,4128.000000,0.438667,1316.0000,0.0000
3.2656,4148.000000,0.445000,1335.0000,0.0000
3.3152,4112.000000,0.451000,1353.0000,0.0000
3.3652,4112.000000,0.457333,1372.0000,0.0000
3.4157,4118.000000,0.463333,1390.0000,0.0000
3.4658,4248.000000,0.469667,1409.0000,0.0000
3.5156,3884.000000,0.475667,1427.0000,0.0000
3.5659,3606.000000,0.482000,1446.0000,0.0000
3.6156,3774.000000,0.488000,1464.0000,0.0000
3.6653,3774.000000,0.494333,1483.0000,0.0000
3.7160,3866.000000,0.500333,1501.0000,0.0000
3.7658,3872.000000,0.506667,1520.0000,0.0000
3.8152,3918.000000,0.513000,1539.0000,0.0000
3.8656,4050.000000,0.519000,1557.0000,0.0000
3.9157,3918.000000,0.525333,1576.0000,0.0000
3.9652,3918.000000,0.531333,1594.0000,0.0000
4.0154,3768.000000,0.537667,1613.0000,0.0000
4.0655,3606.000000,0.544000,1632.0000,0.0000
4.1156,3682.000000,0.550000,1650.0000,0.0000
4.1652,3774.000000,0.556333,1669.0000,0.0000
4.2159,3762.000000,0.562667,1688.0000,0.0000
4.2659,3762.000000,0.568667,1706.0000,0.0000
4.3157,3742.000000,0.575000,1725.0000,0.0000
4.3657,3454.000000,0.581000,1743.0000,0.0000
4.4153,2844.000000,0.587333,1762.0000,0.0000
4.4653,2446.000000,0.593667,1781.0000,0.0000
4.5153,2256.000000,0.599667,1799.0000,0.0000
4.5660,2256.000000,0.606000,1818.0000,0.0000
4.6156,2124.000000,0.612000,1836.0000,0.0000
4.6659,2076.000000,0.618333,1855.0000,0.0000
4.7158,2140.000000,0.624667,1874.0000,0.0000
4.7658,2120.000000,0.630667,1892.0000,0.0000
4.8153,2068.000000,0.637000,1911.0000,0.0000
4.8658,2068.000000,0.643000,1929.0000,0.0000
4.9161,2020.000000,0.649333,1948.0000,0.0000
4.9657,1996.000000,0.655667,1967.0000,0.0000
5.0154,1952.000000,0.661667,1985.0000,0.0000
5.0654,1644.000000,0.668000,2004.0000,0.0000
5.1161,1416.000000,0.674000,2022.0000,0.0000
5.1655,1416.000000,0.680333,2041.0000,0.0000
5.2155,1316.000000,0.686667,2060.0000,0.0000
5.2658,1302.000000,0.692667,2078.0000,0.0000
5.3155,1338.000000,0.698667,2096.0000,0.0000
5.3661,1324.000000,0.705000,2115.0000,0.0000
5.4156,1240.000000,0.711000,2133.0000,0.0000
5.4661,1240.000000,0.717333,2152.0000,0.0000
5.5158,1216.000000,0.723333,2170.0000,0.0000
5.5653,1208.000000,0.729667,2189.0000,0.0000
5.6156,1044.000000,0.736000,2208.0000,0.0000
5.6653,934.000000,0.742000,2226.0000,0.0000
5.7152,952.000000,0.754667,2264.0000,0.0000
5.7658,1118.000000,0.767000,2301.0000,0.0000
5.8159,1184.000000,0.779333,2338.0000,0.0000
5.8653,1220.000000,0.791667,2375.0000,0.0000
5.9156,1400.000000,0.822667,2468.0000,0.0000
5.9657,1400.000000,0.829000,2487.0000,0.0000
6.0154,1446.000000,0.835000,2505.0000,0.0000
6.0656,1442.000000,0.841333,2524.0000,0.0000
6.1152,1460.000000,0.847333,2542.0000,0.0000
6.1656,1476.000000,0.853667,2561.0000,0.0000
6.2161,1546.000000,0.859667,2579.0000,0.0000
6.2656,1546.000000,0.866000,2598.0000,0.0000
6.3158,1628.000000,0.872000,2616.0000,0.0000
6.3660,1644.000000,0.878333,2635.0000,0.0000
6.4161,1658.000000,0.884667,2654.0000,0.0000
6.4657,1718.000000,0.890667,2672.0000,0.0000
6.5156,1766.000000,0.897000,2691.0000,0.0000
6.5662,1766.000000,0.903000,2709.0000,0.0000
6.6160,1770.000000,0.909333,2728.0000,0.0000
6.6654,1820.000000,0.915333,2746.0000,0.0000
6.7196,1926.000000,0.921667,2765.0000,0.0000
6.7657,2020.000000,0.928000,2784.0000,0.0000
6.8152,2054.000000,0.934000,2802.0000,0.0000
6.8658,2054.000000,0.940333,2821.0000,0.0000
6.9179,2184.000000,0.946667,2840.0000,0.0000
6.9652,2248.000000,0.952667,2858.0000,0.0000
7.0153,2258.000000,0.959000,2877.0000,0.0000
7.0661,2314.000000,0.965000,2895.0000,0.0000
7.1180,2370.000000,0.971333,2914.0000,0.0000
7.1657,2370.000000,0.977333,2932.0000,0.0000
7.2163,2446.000000,0.983667,2951.0000,0.0000
7.2654,2460.000000,0.990000,2970.0000,0.0000
7.3156,2474.000000,0.996000,2988.0000,0.0000
7.3663,2570.000000,0.000000,0.0000,0.0000
7.4176,2502.000000,0.000000,0.0000,0.0000
7.4654,2502.000000,0.000000,0.0000,0.0000
7.5165,2476.000000,0.000000,0.0000,0.0000
7.5654,2468.000000,0.000000,0.0000,0.0000
7.6188,2476.000000,0.000000,0.0000,0.0000
7.6656,2474.000000,0.000000,0.0000,0.0000
7.7154,2486.000000,0.000000,0.0000,0.0000
7.7654,2486.000000,0.000000,0.0000,0.0000
7.8154,2468.000000,0.000000,0.0000,0.0000
7.8656,2480.000000,0.000000,0.0000,0.0000
7.9153,2490.000000,0.000000,0.0000,0.0000
7.9659,2490.000000,0.000000,0.0000,0.0000
8.0158,2476.000000,0.000000,0.0000,0.0000
8.0656,2476.000000,0.000000,0.0000,0.0000
8.1174,2474.000000,0.000000,0.0000,0.0000
8.1659,2474.000000,0.000000,0.0000,0.0000
8.2158,2474.000000,0.000000,0.0000,0.0000
8.2661,2466.000000,0.000000,0.0000,0.0000
8.3158,2490.000000,0.000000,0.0000,0.0000
8.3658,2490.000000,0.000000,0.0000,0.0000
8.4159,2474.000000,0.000000,0.0000,0.0000
8.4657,2468.000000,0.000000,0.0000,0.0000
8.5158,2466.000000,0.000000,0.0000,0.0000
8.5670,2474.000000,0.000000,0.0000,0.0000
8.6161,2474.000000,0.000000,0.0000,0.0000
8.6653,2474.000000,0.000000,0.0000,0.0000
8.7208,2476.000000,0.000000,0.0000,0.0000
8.7654,2474.000000,0.000000,0.0000,0.0000
8.8154,2486.000000,0.000000,0.0000,0.0000
8.8657,2474.000000,0.000000,0.0000,0.0000
8.9157,2474.000000,0.000000,0.0000,0.0000
8.9659,2474.000000,0.000000,0.0000,0.0000
9.0157,2476.000000,0.000000,0.0000,0.0000
9.0657,2466.000000,0.000000,0.0000,0.0000
9.1158,24.000000,0.000000,0.0000,0.0000
9.1661,2474.000000,0.000000,0.0000,0.0000
